                    0   9.7656250000000000E-004   2.8320312500000000E-002
                    5   1.4648437500000000E-003   4.6875000000000000E-002
                   10   7.8125000000000000E-003   6.8359375000000000E-002
                   15   4.5410156250000000E-002   1.7578125000000000E-002
                   20   1.5625000000000000E-002   4.6875000000000000E-002
                   25   4.8828125000000000E-003   5.1757812500000000E-002
                   30   1.2695312500000000E-002   7.2265625000000000E-002
                   35   2.4414062500000000E-002   9.7656250000000000E-004
                   40   5.8593750000000000E-003   4.1992187500000000E-002
                   45   4.8828125000000000E-003   4.8828125000000000E-002
                   50   7.3242187500000000E-003   5.1757812500000000E-002
                   55   4.8828125000000000E-004   2.3437500000000000E-002
                   60   2.7343750000000000E-002   8.7890625000000000E-003
                   65   3.2226562500000000E-002   3.4179687500000000E-002
                   70   9.7656250000000000E-003   1.7578125000000000E-002
                   75   1.0253906250000000E-002   5.0781250000000000E-002
                   80   4.8828125000000000E-004   5.0781250000000000E-002
                   85   1.4648437500000000E-003   3.7109375000000000E-002
                   90   2.4414062500000000E-002   2.3437500000000000E-002
                   95   7.3242187500000000E-003   4.1015625000000000E-002
                  100   3.9062500000000000E-003   5.9570312500000000E-002
                  105   1.1230468750000000E-002   4.8828125000000000E-002
                  110   4.8828125000000000E-003   4.1992187500000000E-002
                  115   1.7578125000000000E-002   5.8593750000000000E-002
                  120   0.0000000000000000        8.1054687500000000E-002
                  125   1.4160156250000000E-002   2.2460937500000000E-002
                  130   6.3476562500000000E-003   4.2968750000000000E-002
                  135   0.0000000000000000        5.4687500000000000E-002
                  140   1.7089843750000000E-002   2.4414062500000000E-002
                  145   3.2226562500000000E-002   3.7109375000000000E-002
                  150   8.7890625000000000E-003   2.6367187500000000E-002
                  155   8.3007812500000000E-003   5.9570312500000000E-002
                  160   8.7890625000000000E-003   4.1992187500000000E-002
                  165   2.7832031250000000E-002   9.7656250000000000E-004
                  170   1.4648437500000000E-003   5.9570312500000000E-002
                  175   8.7890625000000000E-003   2.3437500000000000E-002
                  180   2.9296875000000000E-003   5.0781250000000000E-002
                  185   6.8359375000000000E-003   1.8554687500000000E-002
                  190   9.7656250000000000E-004   4.3945312500000000E-002
                  195   3.3203125000000000E-002   4.9804687500000000E-002
                  200   1.6113281250000000E-002   2.3437500000000000E-002
                  205   3.0273437500000000E-002   3.2226562500000000E-002
                  210   5.0292968750000000E-002   4.5898437500000000E-002
                  215   1.0742187500000000E-002   1.1718750000000000E-002
                  220   6.3476562500000000E-003   2.9296875000000000E-002
                  225   2.3925781250000000E-002   5.0781250000000000E-002
                  230   8.7890625000000000E-003   5.0781250000000000E-002
                  235   3.4179687500000000E-003   5.1757812500000000E-002
                  240   2.4414062500000000E-003   6.1523437500000000E-002
                  245   2.4902343750000000E-002  -1.1718750000000000E-002
                  250   1.9531250000000000E-002   5.3710937500000000E-002
                  255   7.8125000000000000E-003   6.8359375000000000E-002
                  260   3.9062500000000000E-003   2.2460937500000000E-002
                  265   5.8593750000000000E-003   4.8828125000000000E-002
                  270   1.6601562500000000E-002   1.3671875000000000E-002
                  275   2.2460937500000000E-002   6.7382812500000000E-002
                  280   3.6621093750000000E-002   3.6132812500000000E-002
                  285   2.0996093750000000E-002   2.8320312500000000E-002
                  290   2.3437500000000000E-002   1.8554687500000000E-002
                  295   5.3710937500000000E-003   5.4687500000000000E-002
                  300   1.6113281250000000E-002   4.4921875000000000E-002
                  305   5.3710937500000000E-003   7.8125000000000000E-003
                  310   1.9042968750000000E-002   3.1250000000000000E-002
                  315   2.2949218750000000E-002   4.5898437500000000E-002
                  320   1.8066406250000000E-002  -1.3671875000000000E-002
                  325   9.2773437500000000E-003   1.1718750000000000E-002
                  330   1.0742187500000000E-002   4.4921875000000000E-002
                  335   2.0507812500000000E-002   2.1484375000000000E-002
                  340   5.3710937500000000E-003   1.1718750000000000E-002
                  345   3.1738281250000000E-002   4.8828125000000000E-003
                  350   2.9296875000000000E-003   3.2226562500000000E-002
                  355   9.7656250000000000E-004   8.2031250000000000E-002
                  360   2.2949218750000000E-002   4.1015625000000000E-002
                  365   7.3242187500000000E-003   2.4414062500000000E-002
                  370   3.2226562500000000E-002   5.2734375000000000E-002
                  375   9.2773437500000000E-003   3.3203125000000000E-002
                  380   1.2695312500000000E-002   1.4648437500000000E-002
                  385   3.2714843750000000E-002   8.3007812500000000E-002
                  390   9.2773437500000000E-003   5.2734375000000000E-002
                  395   7.3242187500000000E-003   4.1015625000000000E-002
                  400   2.8808593750000000E-002   3.2226562500000000E-002
                  405   4.3945312500000000E-003   2.4414062500000000E-002
                  410   9.2773437500000000E-003   5.8593750000000000E-002
                  415   1.5625000000000000E-002   5.1757812500000000E-002
                  420   3.4179687500000000E-003   1.9531250000000000E-002
                  425   5.3710937500000000E-003   4.1992187500000000E-002
                  430   2.4414062500000000E-003   3.4179687500000000E-002
                  435   3.4667968750000000E-002   4.6875000000000000E-002
                  440   1.6601562500000000E-002  -4.8828125000000000E-003
                  445   4.8828125000000000E-004   3.0273437500000000E-002
                  450   7.3242187500000000E-003   5.7617187500000000E-002
                  455   9.7656250000000000E-003   3.0273437500000000E-002
                  460   6.3476562500000000E-003   4.8828125000000000E-002
                  465   2.0507812500000000E-002   5.9570312500000000E-002
                  470   6.8359375000000000E-003   7.2265625000000000E-002
                  475   5.3710937500000000E-003   2.5390625000000000E-002
                  480   1.4648437500000000E-003   4.6875000000000000E-002
                  485   2.5878906250000000E-002   7.3242187500000000E-002
                  490   1.3671875000000000E-002   8.7890625000000000E-003
                  495   1.9531250000000000E-003   7.6171875000000000E-002
                  500   2.8808593750000000E-002   5.0781250000000000E-002
                  505   1.9531250000000000E-003   3.9062500000000000E-002
                  510   4.3945312500000000E-003   7.0312500000000000E-002
                  515   1.4160156250000000E-002   1.0742187500000000E-002
                  520   4.8828125000000000E-003   5.6640625000000000E-002
                  525   4.5898437500000000E-002   1.8554687500000000E-002
                  530   2.9296875000000000E-003   4.8828125000000000E-003
                  535   1.0253906250000000E-002   3.8085937500000000E-002
                  540   1.5625000000000000E-002   7.1289062500000000E-002
                  545   1.2695312500000000E-002   4.1992187500000000E-002
                  550   5.8593750000000000E-003   6.4453125000000000E-002
                  555   1.5625000000000000E-002   5.3710937500000000E-002
                  560   5.8593750000000000E-003   5.5664062500000000E-002
                  565   7.8125000000000000E-003   3.3203125000000000E-002
                  570   2.2460937500000000E-002   3.0273437500000000E-002
                  575   1.9531250000000000E-003   3.3203125000000000E-002
                  580   1.0742187500000000E-002   9.2773437500000000E-002
                  585   2.4414062500000000E-003   3.6132812500000000E-002
                  590   8.3007812500000000E-003   5.0781250000000000E-002
                  595   1.7089843750000000E-002   5.5664062500000000E-002
                  600   2.0019531250000000E-002   3.4179687500000000E-002
                  605   2.4902343750000000E-002   4.0039062500000000E-002
                  610   4.8828125000000000E-003   2.4414062500000000E-002
                  615   9.2773437500000000E-003   3.5156250000000000E-002
                  620   6.8359375000000000E-003   4.1015625000000000E-002
                  625   1.3671875000000000E-002   1.1718750000000000E-002
                  630   1.9042968750000000E-002  -1.9531250000000000E-003
                  635   1.4160156250000000E-002   5.5664062500000000E-002
                  640   1.5625000000000000E-002   2.4414062500000000E-002
                  645   1.9531250000000000E-003   5.6640625000000000E-002
                  650   2.1972656250000000E-002   2.9296875000000000E-003
                  655   2.8808593750000000E-002   2.9296875000000000E-002
                  660   8.3007812500000000E-003   1.6601562500000000E-002
                  665   2.4414062500000000E-003   3.1250000000000000E-002
                  670   2.7832031250000000E-002   5.6640625000000000E-002
                  675   4.0527343750000000E-002   1.5625000000000000E-002
                  680   1.8554687500000000E-002   6.0546875000000000E-002
                  685   1.9042968750000000E-002   6.1523437500000000E-002
                  690   1.4648437500000000E-003   5.2734375000000000E-002
                  695   4.8828125000000000E-004   1.6601562500000000E-002
                  700   4.3945312500000000E-003   1.9531250000000000E-003
                  705   3.4667968750000000E-002   4.2968750000000000E-002
                  710   4.1015625000000000E-002   2.8320312500000000E-002
                  715   8.7890625000000000E-003   7.3242187500000000E-002
                  720   2.9296875000000000E-003   5.0781250000000000E-002
                  725   2.6367187500000000E-002   7.4218750000000000E-002
                  730   2.1484375000000000E-002   4.9804687500000000E-002
                  735   2.5878906250000000E-002   3.9062500000000000E-002
                  740   3.0273437500000000E-002   4.2968750000000000E-002
                  745   3.0273437500000000E-002   2.4414062500000000E-002
                  750   4.1503906250000000E-002   2.1484375000000000E-002
                  755   5.3710937500000000E-003   3.4179687500000000E-002
                  760   2.6855468750000000E-002   1.1718750000000000E-002
                  765   1.7578125000000000E-002  -3.9062500000000000E-003
                  770   2.0019531250000000E-002   3.7109375000000000E-002
                  775   1.2695312500000000E-002   3.5156250000000000E-002
                  780   1.2207031250000000E-002   8.1054687500000000E-002
                  785   3.4179687500000000E-003   6.9335937500000000E-002
                  790   2.0507812500000000E-002   8.2031250000000000E-002
                  795   1.0742187500000000E-002   6.8359375000000000E-002
                  800   7.3242187500000000E-003   6.4453125000000000E-002
                  805   4.8828125000000000E-003   4.7851562500000000E-002
                  810   1.7578125000000000E-002   7.8125000000000000E-003
                  815   9.2773437500000000E-003   5.8593750000000000E-003
                  820   1.4160156250000000E-002   1.7578125000000000E-002
                  825   2.8320312500000000E-002   4.2968750000000000E-002
                  830   2.0019531250000000E-002   5.5664062500000000E-002
                  835   1.5625000000000000E-002   2.5390625000000000E-002
                  840   7.8125000000000000E-003   1.8554687500000000E-002
                  845   7.8125000000000000E-003   5.1757812500000000E-002
                  850   2.3437500000000000E-002  0.10253906250000000     
                  855   4.2480468750000000E-002   1.9531250000000000E-002
                  860   1.7578125000000000E-002   5.5664062500000000E-002
                  865   9.7656250000000000E-003   6.6406250000000000E-002
                  870   4.8828125000000000E-003   5.5664062500000000E-002
                  875   1.8066406250000000E-002  -1.9531250000000000E-003
                  880   1.1230468750000000E-002   6.8359375000000000E-003
                  885   2.8808593750000000E-002   6.2500000000000000E-002
                  890   1.7578125000000000E-002   3.3203125000000000E-002
                  895   4.8828125000000000E-003   3.5156250000000000E-002
                  900   8.7890625000000000E-003   2.6367187500000000E-002
                  905   9.2773437500000000E-003   3.7109375000000000E-002
                  910   7.8125000000000000E-003   4.0039062500000000E-002
                  915   1.1230468750000000E-002   2.0507812500000000E-002
                  920   1.9042968750000000E-002   3.8085937500000000E-002
                  925   1.4648437500000000E-003   5.2734375000000000E-002
                  930   9.7656250000000000E-004  -1.1718750000000000E-002
                  935   6.3476562500000000E-003   9.7656250000000000E-003
                  940   1.7578125000000000E-002   4.2968750000000000E-002
                  945   1.5136718750000000E-002   1.7578125000000000E-002
                  950   9.7656250000000000E-004   2.4414062500000000E-002
                  955   1.8554687500000000E-002   3.7109375000000000E-002
                  960   1.0253906250000000E-002   3.1250000000000000E-002
                  965   3.2226562500000000E-002   3.7109375000000000E-002
                  970   1.1718750000000000E-002   5.3710937500000000E-002
                  975   1.1718750000000000E-002   2.3437500000000000E-002
                  980   1.9531250000000000E-002   5.2734375000000000E-002
                  985   1.0253906250000000E-002   5.0781250000000000E-002
                  990   1.4648437500000000E-003   7.1289062500000000E-002
                  995   2.7343750000000000E-002   0.0000000000000000     
                 1000   4.8828125000000000E-004   7.9589843750000000E-002
