                    0   8.7890625000000000E-003   3.2226562500000000E-002
                    5   3.9550781250000000E-002 -0.53710937500000000     
                   10  0.10839843750000000      -0.97656250000000000     
                   15  0.13818359375000000       -1.2050781250000000     
                   20  0.16064453125000000       -1.4042968750000000     
                   25  0.20947265625000000       -1.4921875000000000     
                   30  0.23925781250000000       -1.5908203125000000     
                   35  0.26220703125000000       -1.6513671875000000     
                   40  0.26611328125000000       -1.6865234375000000     
                   45  0.26269531250000000       -1.7080078125000000     
                   50  0.27978515625000000       -1.7080078125000000     
                   55  0.27148437500000000       -1.7568359375000000     
                   60  0.28515625000000000       -1.7539062500000000     
                   65  0.28466796875000000       -1.7636718750000000     
                   70  0.28222656250000000       -1.7587890625000000     
                   75  0.27880859375000000       -1.7646484375000000     
                   80  0.26904296875000000       -1.7861328125000000     
                   85  0.27148437500000000       -1.7890625000000000     
                   90  0.28759765625000000       -1.8037109375000000     
                   95  0.26806640625000000       -1.7978515625000000     
                  100  0.26123046875000000       -1.7900390625000000     
                  105  0.25683593750000000       -1.8046875000000000     
                  110  0.25000000000000000       -1.8134765625000000     
                  115  0.24462890625000000       -1.8251953125000000     
                  120  0.24609375000000000       -1.8056640625000000     
                  125  0.25048828125000000       -1.8212890625000000     
                  130  0.25000000000000000       -1.8134765625000000     
                  135  0.23779296875000000       -1.8144531250000000     
                  140  0.24365234375000000       -1.8251953125000000     
                  145  0.25048828125000000       -1.8261718750000000     
                  150  0.25732421875000000       -1.8144531250000000     
                  155  0.26220703125000000       -1.8242187500000000     
                  160  0.25439453125000000       -1.8320312500000000     
                  165  0.25488281250000000       -1.8349609375000000     
                  170  0.25390625000000000       -1.8212890625000000     
                  175  0.24462890625000000       -1.8251953125000000     
                  180  0.24023437500000000       -1.8330078125000000     
                  185  0.25146484375000000       -1.8339843750000000     
                  190  0.25390625000000000       -1.8251953125000000     
                  195  0.26074218750000000       -1.8281250000000000     
                  200  0.25732421875000000       -1.8261718750000000     
                  205  0.24853515625000000       -1.8330078125000000     
                  210  0.25341796875000000       -1.8154296875000000     
                  215  0.26074218750000000       -1.8339843750000000     
                  220  0.25927734375000000       -1.8427734375000000     
                  225  0.26953125000000000       -1.8359375000000000     
                  230  0.27441406250000000       -1.8291015625000000     
                  235  0.28271484375000000       -1.8349609375000000     
                  240  0.28369140625000000       -1.8496093750000000     
                  245  0.29833984375000000       -1.8408203125000000     
                  250  0.29345703125000000       -1.8574218750000000     
                  255  0.30078125000000000       -1.8427734375000000     
                  260  0.30712890625000000       -1.8466796875000000     
                  265  0.31054687500000000       -1.8447265625000000     
                  270  0.30175781250000000       -1.8525390625000000     
                  275  0.29882812500000000       -1.8496093750000000     
                  280  0.30175781250000000       -1.8544921875000000     
                  285  0.30664062500000000       -1.8466796875000000     
                  290  0.30810546875000000       -1.8535156250000000     
                  295  0.30761718750000000       -1.8652343750000000     
                  300  0.31250000000000000       -1.8574218750000000     
                  305  0.30810546875000000       -1.8515625000000000     
                  310  0.30371093750000000       -1.8603515625000000     
                  315  0.29785156250000000       -1.8564453125000000     
                  320  0.29638671875000000       -1.8632812500000000     
                  325  0.29833984375000000       -1.8632812500000000     
                  330  0.29101562500000000       -1.8681640625000000     
                  335  0.28808593750000000       -1.8769531250000000     
                  340  0.28271484375000000       -1.8720703125000000     
                  345  0.27685546875000000       -1.8750000000000000     
                  350  0.27099609375000000       -1.8603515625000000     
                  355  0.25927734375000000       -1.8720703125000000     
                  360  0.26171875000000000       -1.8632812500000000     
                  365  0.25683593750000000       -1.8750000000000000     
                  370  0.25439453125000000       -1.8798828125000000     
                  375  0.25585937500000000       -1.8662109375000000     
                  380  0.25781250000000000       -1.8623046875000000     
                  385  0.26562500000000000       -1.8583984375000000     
                  390  0.27832031250000000       -1.8818359375000000     
                  395  0.28662109375000000       -1.8808593750000000     
                  400  0.28369140625000000       -1.8779296875000000     
                  405  0.28320312500000000       -1.8701171875000000     
                  410  0.29785156250000000       -1.8808593750000000     
                  415  0.29931640625000000       -1.8750000000000000     
                  420  0.29589843750000000       -1.8750000000000000     
                  425  0.30078125000000000       -1.8701171875000000     
                  430  0.29394531250000000       -1.8750000000000000     
                  435  0.30029296875000000       -1.8750000000000000     
                  440  0.30761718750000000       -1.8867187500000000     
                  445  0.30908203125000000       -1.8837890625000000     
                  450  0.31396484375000000       -1.8808593750000000     
                  455  0.31982421875000000       -1.8847656250000000     
                  460  0.31640625000000000       -1.8798828125000000     
                  465  0.31542968750000000       -1.8847656250000000     
                  470  0.32128906250000000       -1.8876953125000000     
                  475  0.31152343750000000       -1.8906250000000000     
                  480  0.31103515625000000       -1.8896484375000000     
                  485  0.31884765625000000       -1.8935546875000000     
                  490  0.31396484375000000       -1.8779296875000000     
                  495  0.31689453125000000       -1.8876953125000000     
                  500  0.32617187500000000       -1.8779296875000000     
                  505  0.32421875000000000       -1.8818359375000000     
                  510  0.31738281250000000       -1.8857421875000000     
                  515  0.31738281250000000       -1.8886718750000000     
                  520  0.31738281250000000       -1.8779296875000000     
                  525  0.31445312500000000       -1.8798828125000000     
                  530  0.30712890625000000       -1.8798828125000000     
                  535  0.30859375000000000       -1.8945312500000000     
                  540  0.30908203125000000       -1.8710937500000000     
                  545  0.30859375000000000       -1.8886718750000000     
                  550  0.31054687500000000       -1.8945312500000000     
                  555  0.30126953125000000       -1.8779296875000000     
                  560  0.30517578125000000       -1.8964843750000000     
                  565  0.30712890625000000       -1.8759765625000000     
                  570  0.29394531250000000       -1.8906250000000000     
                  575  0.29882812500000000       -1.8974609375000000     
                  580  0.30175781250000000       -1.8935546875000000     
                  585  0.30566406250000000       -1.8896484375000000     
                  590  0.30322265625000000       -1.8906250000000000     
                  595  0.30126953125000000       -1.8828125000000000     
                  600  0.30322265625000000       -1.8857421875000000     
                  605  0.31005859375000000       -1.8857421875000000     
                  610  0.30908203125000000       -1.8876953125000000     
                  615  0.30615234375000000       -1.9023437500000000     
                  620  0.31152343750000000       -1.8808593750000000     
                  625  0.31054687500000000       -1.8896484375000000     
                  630  0.30761718750000000       -1.8876953125000000     
                  635  0.30761718750000000       -1.8896484375000000     
                  640  0.30224609375000000       -1.8935546875000000     
                  645  0.28906250000000000       -1.8828125000000000     
                  650  0.28515625000000000       -1.8984375000000000     
                  655  0.28857421875000000       -1.8916015625000000     
                  660  0.27880859375000000       -1.8945312500000000     
                  665  0.27929687500000000       -1.8974609375000000     
                  670  0.27929687500000000       -1.8906250000000000     
                  675  0.27392578125000000       -1.8945312500000000     
                  680  0.27099609375000000       -1.9023437500000000     
                  685  0.26416015625000000       -1.8925781250000000     
                  690  0.26611328125000000       -1.9013671875000000     
                  695  0.26025390625000000       -1.8945312500000000     
                  700  0.26757812500000000       -1.8945312500000000     
                  705  0.27099609375000000       -1.9003906250000000     
                  710  0.27294921875000000       -1.9023437500000000     
                  715  0.27685546875000000       -1.8994140625000000     
                  720  0.27539062500000000       -1.8994140625000000     
                  725  0.28076171875000000       -1.8916015625000000     
                  730  0.27929687500000000       -1.8916015625000000     
                  735  0.27636718750000000       -1.8916015625000000     
                  740  0.27832031250000000       -1.8974609375000000     
                  745  0.27734375000000000       -1.9003906250000000     
                  750  0.28027343750000000       -1.8876953125000000     
                  755  0.28662109375000000       -1.8994140625000000     
                  760  0.28466796875000000       -1.8964843750000000     
                  765  0.28125000000000000       -1.9042968750000000     
                  770  0.28027343750000000       -1.9052734375000000     
                  775  0.27685546875000000       -1.8984375000000000     
                  780  0.27539062500000000       -1.8964843750000000     
                  785  0.27246093750000000       -1.8916015625000000     
                  790  0.28759765625000000       -1.9023437500000000     
                  795  0.28710937500000000       -1.9042968750000000     
                  800  0.28173828125000000       -1.8955078125000000     
                  805  0.28320312500000000       -1.9013671875000000     
                  810  0.29052734375000000       -1.9013671875000000     
                  815  0.28222656250000000       -1.9023437500000000     
                  820  0.29052734375000000       -1.8984375000000000     
                  825  0.29052734375000000       -1.8935546875000000     
                  830  0.28955078125000000       -1.8974609375000000     
                  835  0.29638671875000000       -1.8945312500000000     
                  840  0.30175781250000000       -1.9091796875000000     
                  845  0.30371093750000000       -1.9062500000000000     
                  850  0.30468750000000000       -1.8994140625000000     
                  855  0.30566406250000000       -1.9101562500000000     
                  860  0.30761718750000000       -1.9111328125000000     
                  865  0.30712890625000000       -1.9052734375000000     
                  870  0.30175781250000000       -1.9091796875000000     
                  875  0.30175781250000000       -1.9111328125000000     
                  880  0.30859375000000000       -1.9042968750000000     
                  885  0.30517578125000000       -1.8935546875000000     
                  890  0.30273437500000000       -1.8964843750000000     
                  895  0.30175781250000000       -1.9013671875000000     
                  900  0.29931640625000000       -1.9111328125000000     
                  905  0.29785156250000000       -1.9062500000000000     
                  910  0.29345703125000000       -1.9121093750000000     
                  915  0.29101562500000000       -1.9062500000000000     
                  920  0.29492187500000000       -1.9052734375000000     
                  925  0.30175781250000000       -1.9072265625000000     
                  930  0.30175781250000000       -1.9023437500000000     
                  935  0.31005859375000000       -1.9033203125000000     
                  940  0.31396484375000000       -1.9072265625000000     
                  945  0.30761718750000000       -1.9033203125000000     
                  950  0.31201171875000000       -1.9042968750000000     
                  955  0.30615234375000000       -1.9023437500000000     
                  960  0.30029296875000000       -1.9111328125000000     
                  965  0.30468750000000000       -1.9189453125000000     
                  970  0.30615234375000000       -1.9130859375000000     
                  975  0.29980468750000000       -1.9082031250000000     
                  980  0.29296875000000000       -1.9082031250000000     
                  985  0.29785156250000000       -1.9091796875000000     
                  990  0.29541015625000000       -1.9091796875000000     
                  995  0.29150390625000000       -1.9101562500000000     
                 1000  0.29248046875000000       -1.8784179687500000     
